linha1
linha2
linha3
b|v|sv|z|sz|m|sm|nd|snd|sd|ssd|nc|snc|sc|ssc|mu|c|f|Q|N|S1|S2
   0.0000000000000000E+000 |  0.98253359375000004      |   8.9336236403631984E-004 |   0.0000000000000000E+000 |   0.0000000000000000E+000 |   1.7466406249999997E-002 |   8.9336236403632016E-004 |  0.65206406250000015      |   3.6368791083066648E-003 |   6.0891406250000023E-002 |   2.3442407038397448E-003 |  0.60129921875000014      |   4.0905791184640411E-003 |   7.4078125000000009E-002 |   3.6521076962488389E-003 |  0.80000001192092896      |  0.10000000149011612      |  0.10000000149011612      |         500 |         256 |         100 |          50
   2.0000000000000000E-002 |  0.98228359374999996      |   8.5799640845056209E-004 |   0.0000000000000000E+000 |   0.0000000000000000E+000 |   1.7716406250000000E-002 |   8.5799640845056111E-004 |  0.65176015625000017      |   4.0440265826248659E-003 |   6.0318750000000004E-002 |   2.4235170844443717E-003 |  0.60093671874999988      |   4.1256250266294833E-003 |   7.3506249999999995E-002 |   3.1692045408706262E-003 |  0.80000001192092896      |  0.10000000149011612      |  0.10000000149011612      |         500 |         256 |         100 |          50
   4.0000000000000001E-002 |  0.98223515625000002      |   7.9270084760208663E-004 |   0.0000000000000000E+000 |   0.0000000000000000E+000 |   1.7764843749999999E-002 |   7.9270084760208414E-004 |  0.65144687500000009      |   3.5479155962515555E-003 |   6.0804687500000010E-002 |   2.6760863192881595E-003 |  0.60107265625000017      |   3.5969602679130699E-003 |   7.3703906250000006E-002 |   3.4663534267442447E-003 |  0.80000001192092896      |  0.10000000149011612      |  0.10000000149011612      |         500 |         256 |         100 |          50
   5.9999999999999998E-002 |  0.98185624999999987      |   9.3313567475475042E-004 |   0.0000000000000000E+000 |   0.0000000000000000E+000 |   1.8143750000000000E-002 |   9.3313567475474858E-004 |  0.65204531250000008      |   3.1581712129262751E-003 |   6.1075781250000009E-002 |   2.5883699143431109E-003 |  0.60111015625000008      |   3.3724408881321156E-003 |   7.3947656250000021E-002 |   2.9937823140544660E-003 |  0.80000001192092896      |  0.10000000149011612      |  0.10000000149011612      |         500 |         256 |         100 |          50
   8.0000000000000002E-002 |  0.98197187499999983      |   8.2347752511832749E-004 |   0.0000000000000000E+000 |   0.0000000000000000E+000 |   1.8028125000000002E-002 |   8.2347752511832423E-004 |  0.65186328124999993      |   4.1605450229141080E-003 |   6.0668750000000000E-002 |   2.6272967073174766E-003 |  0.60104609374999995      |   3.8343562964346200E-003 |   7.3733593749999993E-002 |   2.8562257461018934E-003 |  0.80000001192092896      |  0.10000000149011612      |  0.10000000149011612      |         500 |         256 |         100 |          50
  0.10000000000000001      |  0.98159843749999998      |   8.7955149925615596E-004 |   0.0000000000000000E+000 |   0.0000000000000000E+000 |   1.8401562500000000E-002 |   8.7955149925615487E-004 |  0.65254531250000014      |   3.2197487831448057E-003 |   6.0107812500000010E-002 |   2.1287243328238282E-003 |  0.60137421875000019      |   3.0209604072590195E-003 |   7.3612500000000011E-002 |   3.1317820936379416E-003 |  0.80000001192092896      |  0.10000000149011612      |  0.10000000149011612      |         500 |         256 |         100 |          50
  0.12000000000000000      |  0.98175937500000021      |   9.5877424187083751E-004 |   0.0000000000000000E+000 |   0.0000000000000000E+000 |   1.8240625000000000E-002 |   9.5877424187083772E-004 |  0.65230859375000005      |   3.8157025003646540E-003 |   6.0146093750000004E-002 |   2.4173446791576005E-003 |  0.60168124999999995      |   3.8367406236649950E-003 |   7.2708593750000008E-002 |   3.3377722011248110E-003 |  0.80000001192092896      |  0.10000000149011612      |  0.10000000149011612      |         500 |         256 |         100 |          50
  0.14000000000000001      |  0.98186093750000003      |   8.8742434756786278E-004 |   0.0000000000000000E+000 |   0.0000000000000000E+000 |   1.8139062500000001E-002 |   8.8742434756786462E-004 |  0.65178984375000004      |   3.8177609225715121E-003 |   6.0383593749999999E-002 |   2.5521739593815525E-003 |  0.60118750000000010      |   4.0070585913719288E-003 |   7.3300000000000004E-002 |   3.9473404441511305E-003 |  0.80000001192092896      |  0.10000000149011612      |  0.10000000149011612      |         500 |         256 |         100 |          50
  0.16000000000000000      |  0.98191093749999991      |   8.3942904005118463E-004 |   0.0000000000000000E+000 |   0.0000000000000000E+000 |   1.8089062500000003E-002 |   8.3942904005118290E-004 |  0.65157031250000008      |   3.2923825286323848E-003 |   6.0309375000000005E-002 |   2.8486590526838238E-003 |  0.60137968749999993      |   3.7625395813947840E-003 |   7.3957031250000013E-002 |   4.3326511335124319E-003 |  0.80000001192092896      |  0.10000000149011612      |  0.10000000149011612      |         500 |         256 |         100 |          50
  0.17999999999999999      |  0.98173515624999996      |   1.0046914487675165E-003 |   0.0000000000000000E+000 |   0.0000000000000000E+000 |   1.8264843750000002E-002 |   1.0046914487675121E-003 |  0.65067968750000005      |   3.7562285513114712E-003 |   6.0461718749999990E-002 |   3.4159274261412608E-003 |  0.60087812500000004      |   3.8621039820244106E-003 |   7.3687500000000003E-002 |   3.7711318654848180E-003 |  0.80000001192092896      |  0.10000000149011612      |  0.10000000149011612      |         500 |         256 |         100 |          50
  0.20000000000000001      |  0.98188750000000002      |   9.0791334422675430E-004 |   2.3437499999999998E-006 |   1.6406249999999999E-005 |   1.8110156250000002E-002 |   9.0843251471370322E-004 |  0.65010703125000002      |   3.9518495502946565E-003 |   6.0846874999999995E-002 |   2.7211896381683872E-003 |  0.60029843750000000      |   3.5823763635548273E-003 |   7.4382031249999994E-002 |   2.8734465274803810E-003 |  0.80000001192092896      |  0.10000000149011612      |  0.10000000149011612      |         500 |         256 |         100 |          50
  0.22000000000000000      |  0.98208593750000006      |   9.5501221973530036E-004 |   6.0937500000000004E-005 |   1.0369162514398162E-004 |   1.7853125000000004E-002 |   9.5781887232790548E-004 |  0.64928984374999998      |   3.4997880272027281E-003 |   6.1353125000000008E-002 |   2.8767059306989912E-003 |  0.59998046875000000      |   3.7521335890032754E-003 |   7.4598437500000003E-002 |   3.5952021522614006E-003 |  0.80000001192092896      |  0.10000000149011612      |  0.10000000149011612      |         500 |         256 |         100 |          50
  0.23999999999999999      |  0.98175781250000016      |   8.6426167460295093E-004 |   4.2578125000000000E-004 |   3.5786452269198540E-004 |   1.7816406250000000E-002 |   7.7238130219248733E-004 |  0.64981484375000009      |   4.2098706469745435E-003 |   5.9089843750000003E-002 |   2.8240782727857088E-003 |  0.60079765625000003      |   3.8653174929478987E-003 |   7.2451562499999997E-002 |   4.0007366265086101E-003 |  0.80000001192092896      |  0.10000000149011612      |  0.10000000149011612      |         500 |         256 |         100 |          50
  0.26000000000000001      |  0.98099296875000019      |   1.1817317242775736E-003 |   1.1390625000000001E-003 |   6.3662815689871112E-004 |   1.7867968750000005E-002 |   9.6128963314344679E-004 |  0.65073359374999995      |   4.1263927720916619E-003 |   5.8892968750000010E-002 |   2.8852315604170429E-003 |  0.60137031250000006      |   4.2704931584544512E-003 |   7.3585156250000006E-002 |   3.6762713873538448E-003 |  0.80000001192092896      |  0.10000000149011612      |  0.10000000149011612      |         500 |         256 |         100 |          50
  0.28000000000000003      |  0.97933828125000011      |   1.3281573985019035E-003 |   3.3335937500000002E-003 |   1.0634936185787917E-003 |   1.7328125000000000E-002 |   1.0185055304832665E-003 |  0.65068750000000009      |   3.8521725556414895E-003 |   5.8284374999999999E-002 |   2.2154167303382218E-003 |  0.60129218749999991      |   3.7678598140224065E-003 |   7.4506249999999996E-002 |   3.2403869247167073E-003 |  0.80000001192092896      |  0.10000000149011612      |  0.10000000149011612      |         500 |         256 |         100 |          50
  0.29999999999999999      |  0.97678828125000028      |   2.0326961498697530E-003 |   6.0250000000000008E-003 |   1.6276750817884387E-003 |   1.7186718749999996E-002 |   9.0437879286091338E-004 |  0.65081250000000013      |   3.7173464394351513E-003 |   5.5764843750000001E-002 |   2.4670693695990928E-003 |  0.60024531250000002      |   3.5165019739525952E-003 |   7.4147656249999999E-002 |   3.7360718719300040E-003 |  0.80000001192092896      |  0.10000000149011612      |  0.10000000149011612      |         500 |         256 |         100 |          50
  0.32000000000000001      |  0.97317812500000000      |   2.5018396551650221E-003 |   9.9445312500000011E-003 |   2.2617030979596576E-003 |   1.6877343749999999E-002 |   8.5821690433293880E-004 |  0.65358749999999988      |   3.4457585453895332E-003 |   5.3167187499999997E-002 |   2.0632521119203421E-003 |  0.60160625000000001      |   3.9274552556529839E-003 |   7.4164062500000003E-002 |   4.0278040625638997E-003 |  0.80000001192092896      |  0.10000000149011612      |  0.10000000149011612      |         500 |         256 |         100 |          50
  0.34000000000000002      |  0.96793046874999988      |   2.3907972007016433E-003 |   1.5364062500000003E-002 |   2.3327141221721214E-003 |   1.6705468750000001E-002 |   8.2014916528660336E-004 |  0.65545390625000000      |   3.2009795596975575E-003 |   5.0384375000000009E-002 |   2.1683362582649054E-003 |  0.60130937500000015      |   4.1882741821662010E-003 |   7.3639062499999991E-002 |   4.5063388514125302E-003 |  0.80000001192092896      |  0.10000000149011612      |  0.10000000149011612      |         500 |         256 |         100 |          50
  0.35999999999999999      |  0.96131562500000001      |   2.7491613600503255E-003 |   2.2342187500000003E-002 |   2.7123325841192487E-003 |   1.6342187500000001E-002 |   9.2569916566479621E-004 |  0.65703828125000008      |   3.3640473503200523E-003 |   4.7947656250000005E-002 |   1.7642972399730618E-003 |  0.60038046874999995      |   3.7341201044023211E-003 |   7.4275781250000006E-002 |   3.2024218931061086E-003 |  0.80000001192092896      |  0.10000000149011612      |  0.10000000149011612      |         500 |         256 |         100 |          50
  0.38000000000000000      |  0.95606328124999973      |   3.2966462635402741E-003 |   2.7934375000000001E-002 |   3.1252992044262734E-003 |   1.6002343749999998E-002 |   1.0600733432947283E-003 |  0.65895781249999996      |   3.4920340430489062E-003 |   4.5950781250000010E-002 |   1.6938287357737242E-003 |  0.60128359375000007      |   3.8841720613972635E-003 |   7.3447656250000007E-002 |   3.4138283851365553E-003 |  0.80000001192092896      |  0.10000000149011612      |  0.10000000149011612      |         500 |         256 |         100 |          50
  0.40000000000000002      |  0.94909921875000014      |   3.5990824059805924E-003 |   3.5064062500000007E-002 |   3.4682375747632976E-003 |   1.5836718749999999E-002 |   9.1995596075386261E-004 |  0.66107187499999998      |   3.2746973261852689E-003 |   4.3846875000000000E-002 |   1.3994462144117045E-003 |  0.60093828125000004      |   3.9651534669671376E-003 |   7.2860937500000000E-002 |   3.6998482337962184E-003 |  0.80000001192092896      |  0.10000000149011612      |  0.10000000149011612      |         500 |         256 |         100 |          50
  0.41999999999999998      |  0.94113124999999997      |   4.2057667696977297E-003 |   4.3435937500000001E-002 |   4.0286371134898094E-003 |   1.5432812500000000E-002 |   8.8208072547244789E-004 |  0.66242656250000009      |   2.6269482167705048E-003 |   4.3178124999999998E-002 |   9.6710293450981769E-004 |  0.60090390625000001      |   3.6074637289464271E-003 |   7.3993749999999997E-002 |   4.0363231160147469E-003 |  0.80000001192092896      |  0.10000000149011612      |  0.10000000149011612      |         500 |         256 |         100 |          50
  0.44000000000000000      |  0.93501640624999993      |   3.7317761125369663E-003 |   5.0023437499999997E-002 |   3.8363352645094445E-003 |   1.4960156250000000E-002 |   8.4231975132758382E-004 |  0.66460390624999999      |   2.7566947318712195E-003 |   4.1980468750000000E-002 |   1.2322036380663967E-003 |  0.60171406250000004      |   3.1611641818126185E-003 |   7.4417187500000023E-002 |   3.6051859484160110E-003 |  0.80000001192092896      |  0.10000000149011612      |  0.10000000149011612      |         500 |         256 |         100 |          50
  0.46000000000000002      |  0.92828437500000005      |   4.5422337243949968E-003 |   5.7215625000000013E-002 |   4.4071436372170245E-003 |   1.4499999999999999E-002 |   7.8766894269182027E-004 |  0.66506328125000014      |   3.0440380422292802E-003 |   4.1342187499999995E-002 |   1.0322781333203031E-003 |  0.60150312500000003      |   3.9570465973295665E-003 |   7.2759375000000001E-002 |   3.6875145656491992E-003 |  0.80000001192092896      |  0.10000000149011612      |  0.10000000149011612      |         500 |         256 |         100 |          50
  0.47999999999999998      |  0.91986796874999999      |   4.1662231290621977E-003 |   6.5929687500000014E-002 |   4.0423554033547394E-003 |   1.4202343749999997E-002 |   9.0594990990551614E-004 |  0.66623671874999990      |   3.5667858163296422E-003 |   4.0749999999999995E-002 |   1.4046431792229294E-003 |  0.60074843749999995      |   4.6461940489636276E-003 |   7.4751562500000021E-002 |   3.5761095579291895E-003 |  0.80000001192092896      |  0.10000000149011612      |  0.10000000149011612      |         500 |         256 |         100 |          50
  0.50000000000000000      |  0.91318671874999979      |   3.9011301603920278E-003 |   7.2841406249999990E-002 |   3.8585589502885100E-003 |   1.3971874999999998E-002 |   8.0326178309907148E-004 |  0.66779375000000019      |   3.4004864512991069E-003 |   4.0800000000000003E-002 |   1.6959107527373014E-003 |  0.60119843750000002      |   3.8631405592430604E-003 |   7.4842187500000004E-002 |   3.8044224753691265E-003 |  0.80000001192092896      |  0.10000000149011612      |  0.10000000149011612      |         500 |         256 |         100 |          50
  0.52000000000000002      |  0.90661328124999985      |   4.7277132509288052E-003 |   7.9866406250000008E-002 |   4.7034824537126553E-003 |   1.3520312500000001E-002 |   6.6261975627523377E-004 |  0.66776953125000005      |   3.0134408581659615E-003 |   4.0836718750000001E-002 |   1.5525285339190432E-003 |  0.60124062499999997      |   3.2606267820342060E-003 |   7.4593750000000000E-002 |   3.9876365327330800E-003 |  0.80000001192092896      |  0.10000000149011612      |  0.10000000149011612      |         500 |         256 |         100 |          50
  0.54000000000000004      |  0.90111796875000016      |   5.0129159959275745E-003 |   8.5479687499999998E-002 |   4.8947980399156928E-003 |   1.3402343750000002E-002 |   8.8389210811561287E-004 |  0.66881249999999992      |   3.4134277871096896E-003 |   4.1007031249999999E-002 |   1.7648866334984696E-003 |  0.60170703125000002      |   4.2034607933941273E-003 |   7.4076562500000012E-002 |   4.5585369132060899E-003 |  0.80000001192092896      |  0.10000000149011612      |  0.10000000149011612      |         500 |         256 |         100 |          50
  0.56000000000000005      |  0.89408281249999988      |   4.0865591663785464E-003 |   9.3232812500000012E-002 |   4.1337690882534799E-003 |   1.2684375000000001E-002 |   8.5077515206721929E-004 |  0.66798046874999983      |   2.8744506311057130E-003 |   4.1028125000000006E-002 |   1.5982137245609547E-003 |  0.60093125000000003      |   3.2848599933301918E-003 |   7.3520312500000004E-002 |   3.6799250188735166E-003 |  0.80000001192092896      |  0.10000000149011612      |  0.10000000149011612      |         500 |         256 |         100 |          50
  0.57999999999999996      |  0.88772421874999996      |   5.1677830890686696E-003 |   9.9652343750000011E-002 |   5.1312024800821837E-003 |   1.2623437499999999E-002 |   7.9945049487132084E-004 |  0.66760312499999996      |   3.4123615614089359E-003 |   4.1907031250000004E-002 |   1.7907451489468185E-003 |  0.59983828125000005      |   4.0282965955741254E-003 |   7.5575781250000015E-002 |   4.4493323350295010E-003 |  0.80000001192092896      |  0.10000000149011612      |  0.10000000149011612      |         500 |         256 |         100 |          50
  0.59999999999999998      |  0.88164765625000019      |   5.2014043818900844E-003 |  0.10630624999999999      |   5.2868357572577159E-003 |   1.2046093750000000E-002 |   7.8046405779370290E-004 |  0.66769843749999991      |   3.5906477778868367E-003 |   4.2365624999999997E-002 |   1.6228606711028830E-003 |  0.60049218750000000      |   4.0085129748488142E-003 |   7.4564843749999984E-002 |   3.8787155353417666E-003 |  0.80000001192092896      |  0.10000000149011612      |  0.10000000149011612      |         500 |         256 |         100 |          50
  0.62000000000000000      |  0.87628046874999999      |   4.6363635868609749E-003 |  0.11221328125000003      |   4.6680103293127275E-003 |   1.1506250000000003E-002 |   8.2717221132452227E-004 |  0.66729687500000001      |   3.5742080771698510E-003 |   4.2599999999999999E-002 |   1.4804462811619506E-003 |  0.60055078124999994      |   4.1069254373377146E-003 |   7.4507812500000006E-002 |   3.1102680093271304E-003 |  0.80000001192092896      |  0.10000000149011612      |  0.10000000149011612      |         500 |         256 |         100 |          50
  0.64000000000000001      |  0.87029531249999992      |   5.6089623803672458E-003 |  0.11846328125000001      |   5.6355403090737706E-003 |   1.1241406250000001E-002 |   8.2695561599176062E-004 |  0.66849453125000002      |   3.3956814435132645E-003 |   4.3186718749999999E-002 |   1.6390448119279139E-003 |  0.60160078125000005      |   4.8309589806633151E-003 |   7.4628125000000017E-002 |   3.6109493319797493E-003 |  0.80000001192092896      |  0.10000000149011612      |  0.10000000149011612      |         500 |         256 |         100 |          50
  0.66000000000000003      |  0.86450859375000000      |   5.3714905535243709E-003 |  0.12440390624999999      |   5.3640980577943235E-003 |   1.1087500000000002E-002 |   5.9500073857622214E-004 |  0.66699843749999987      |   2.7152833502003073E-003 |   4.4060937500000008E-002 |   1.5231361881513589E-003 |  0.60013437500000000      |   4.0554713837643169E-003 |   7.4777343750000003E-002 |   3.2825913367016996E-003 |  0.80000001192092896      |  0.10000000149011612      |  0.10000000149011612      |         500 |         256 |         100 |          50
  0.68000000000000005      |  0.86000234374999995      |   4.5441250946663559E-003 |  0.12948515624999998      |   4.6178992286680350E-003 |   1.0512500000000001E-002 |   7.7405436259348089E-004 |  0.66708437500000006      |   2.6248460706356186E-003 |   4.4132812499999993E-002 |   2.0523691768980674E-003 |  0.60097968749999997      |   3.5837312793808229E-003 |   7.3963281249999999E-002 |   3.6731979830730015E-003 |  0.80000001192092896      |  0.10000000149011612      |  0.10000000149011612      |         500 |         256 |         100 |          50
  0.69999999999999996      |  0.85576015625000001      |   3.8549380650474167E-003 |  0.13420312500000001      |   3.7770751100181673E-003 |   1.0036718750000000E-002 |   6.4793890846403287E-004 |  0.66610625000000001      |   3.5459322122548052E-003 |   4.4328124999999989E-002 |   1.7359051527139238E-003 |  0.60092031249999989      |   3.9971391747137472E-003 |   7.3082812500000011E-002 |   3.5837397949584375E-003 |  0.80000001192092896      |  0.10000000149011612      |  0.10000000149011612      |         500 |         256 |         100 |          50
  0.71999999999999997      |  0.85039765624999974      |   5.7910373761185015E-003 |  0.13992343750000000      |   5.8721265413125678E-003 |   9.6789062500000009E-003 |   6.3830037456049054E-004 |  0.66571875000000003      |   3.6988701822313246E-003 |   4.4750781250000003E-002 |   2.0134116056945016E-003 |  0.60106718749999999      |   4.1630029139695266E-003 |   7.3573437500000005E-002 |   3.9293088162471396E-003 |  0.80000001192092896      |  0.10000000149011612      |  0.10000000149011612      |         500 |         256 |         100 |          50
  0.73999999999999999      |  0.84527187500000001      |   5.7114983479736939E-003 |  0.14528671875000002      |   5.6934721928144656E-003 |   9.4414062499999993E-003 |   5.6175351943851912E-004 |  0.66533281249999998      |   3.8641105183025307E-003 |   4.5894531250000002E-002 |   1.9883886881581561E-003 |  0.60098359375000021      |   4.4099101736042000E-003 |   7.4635156250000001E-002 |   4.0259671204423428E-003 |  0.80000001192092896      |  0.10000000149011612      |  0.10000000149011612      |         500 |         256 |         100 |          50
  0.76000000000000001      |  0.84138984375000003      |   5.8421992532143056E-003 |  0.14952578124999999      |   5.9170546942615646E-003 |   9.0843750000000022E-003 |   7.3050676705883422E-004 |  0.66466093749999999      |   2.7357969517011783E-003 |   4.6334374999999997E-002 |   2.0023996834267377E-003 |  0.60127343750000006      |   3.1683612773157305E-003 |   7.4242187500000001E-002 |   3.7343423115724136E-003 |  0.80000001192092896      |  0.10000000149011612      |  0.10000000149011612      |         500 |         256 |         100 |          50
  0.78000000000000003      |  0.83682343749999999      |   5.4782865510263562E-003 |  0.15463046875000000      |   5.4643576669096312E-003 |   8.5460937500000007E-003 |   5.9160230402933067E-004 |  0.66452265624999995      |   2.7124600596497802E-003 |   4.6680468749999988E-002 |   1.8298517819608545E-003 |  0.60190078125000002      |   3.4761552605583929E-003 |   7.3691406250000008E-002 |   3.9158027724259898E-003 |  0.80000001192092896      |  0.10000000149011612      |  0.10000000149011612      |         500 |         256 |         100 |          50
  0.80000000000000004      |  0.83172265625000008      |   4.9183596697293577E-003 |  0.16017578125000001      |   4.9198486031909868E-003 |   8.1015625000000011E-003 |   6.1082559716849614E-004 |  0.66224375000000013      |   2.9452727119328439E-003 |   4.7115625000000001E-002 |   1.9105733504222627E-003 |  0.60025781249999999      |   3.3820997372656682E-003 |   7.4183593750000013E-002 |   3.4657948595941245E-003 |  0.80000001192092896      |  0.10000000149011612      |  0.10000000149011612      |         500 |         256 |         100 |          50
  0.81999999999999995      |  0.82680625000000008      |   6.2662121763520382E-003 |  0.16550937499999996      |   6.3249170109427122E-003 |   7.6843750000000011E-003 |   7.3628574563056016E-004 |  0.66158437499999989      |   3.7230817732927970E-003 |   4.7699999999999999E-002 |   2.1897817340933209E-003 |  0.59994062500000001      |   4.6328931274602749E-003 |   7.4335156250000006E-002 |   4.0759804137173944E-003 |  0.80000001192092896      |  0.10000000149011612      |  0.10000000149011612      |         500 |         256 |         100 |          50
  0.83999999999999997      |  0.82216093749999997      |   5.4625435764137096E-003 |  0.17058593750000001      |   5.4656855253223955E-003 |   7.2531250000000000E-003 |   6.7592529172978884E-004 |  0.65989140625000009      |   3.6074153399033898E-003 |   4.8598437500000008E-002 |   1.9905268814123058E-003 |  0.59938046874999995      |   3.6428960358923690E-003 |   7.4636718749999997E-002 |   3.1618071630213009E-003 |  0.80000001192092896      |  0.10000000149011612      |  0.10000000149011612      |         500 |         256 |         100 |          50
  0.85999999999999999      |  0.82010234375000013      |   5.4304680756365560E-003 |  0.17282578125000000      |   5.5411976337088296E-003 |   7.0718750000000000E-003 |   6.3584151609795815E-004 |  0.66058125000000023      |   3.2875742624692140E-003 |   4.9097656250000003E-002 |   2.4135093672534844E-003 |  0.60081874999999996      |   3.8379335438121867E-003 |   7.4220312500000010E-002 |   3.6515140267428798E-003 |  0.80000001192092896      |  0.10000000149011612      |  0.10000000149011612      |         500 |         256 |         100 |          50
  0.88000000000000000      |  0.81666875000000005      |   5.1538704263003861E-003 |  0.17683906250000000      |   5.2536540947854824E-003 |   6.4921874999999997E-003 |   7.1136662872863942E-004 |  0.66006250000000000      |   3.6486884282017984E-003 |   4.8991406250000001E-002 |   2.0746665594759588E-003 |  0.60121484375000001      |   3.6323189348853461E-003 |   7.4010156250000000E-002 |   3.9216618623608172E-003 |  0.80000001192092896      |  0.10000000149011612      |  0.10000000149011612      |         500 |         256 |         100 |          50
  0.90000000000000002      |  0.81352421875000003      |   5.1040581209227864E-003 |  0.18023828125000002      |   5.0885185103213297E-003 |   6.2375000000000026E-003 |   6.2663068519264197E-004 |  0.65989609375000002      |   3.1156266651512603E-003 |   4.9410156250000004E-002 |   2.0664505548180466E-003 |  0.60175546874999997      |   3.5645074696199677E-003 |   7.3362499999999983E-002 |   3.1649192512902282E-003 |  0.80000001192092896      |  0.10000000149011612      |  0.10000000149011612      |         500 |         256 |         100 |          50
  0.92000000000000004      |  0.80720781250000007      |   6.7382042115161295E-003 |  0.18713906250000001      |   6.7930420226784260E-003 |   5.6531250000000010E-003 |   5.4171899787274402E-004 |  0.65685390624999995      |   3.7033821937320437E-003 |   5.0327343750000003E-002 |   2.6894965557949339E-003 |  0.59994218749999983      |   3.9335626395244436E-003 |   7.3578906250000006E-002 |   4.1808547581552100E-003 |  0.80000001192092896      |  0.10000000149011612      |  0.10000000149011612      |         500 |         256 |         100 |          50
  0.93999999999999995      |  0.80599296874999993      |   5.4348957147919603E-003 |  0.18875859374999998      |   5.4875085087668961E-003 |   5.2484375000000005E-003 |   5.8242488786108728E-004 |  0.65658515624999991      |   3.4892420639250641E-003 |   5.0225781250000011E-002 |   2.2850365887473359E-003 |  0.60119609374999994      |   3.5661721240237503E-003 |   7.3320312499999998E-002 |   3.5980782359736857E-003 |  0.80000001192092896      |  0.10000000149011612      |  0.10000000149011612      |         500 |         256 |         100 |          50
  0.95999999999999996      |  0.80163828124999992      |   6.4889874879031830E-003 |  0.19347656250000000      |   6.4773917593354052E-003 |   4.8851562499999989E-003 |   4.7234364662585704E-004 |  0.65590546874999989      |   4.0509352369477915E-003 |   5.1038281249999998E-002 |   2.4638263054599773E-003 |  0.60082578124999997      |   4.4691871098502421E-003 |   7.4053906249999996E-002 |   3.6820693757308957E-003 |  0.80000001192092896      |  0.10000000149011612      |  0.10000000149011612      |         500 |         256 |         100 |          50
  0.97999999999999998      |  0.79915156250000008      |   5.2172062181455228E-003 |  0.19637968749999996      |   5.2450476549163755E-003 |   4.4687500000000005E-003 |   4.4551804466822664E-004 |  0.65565937500000016      |   2.9613151144434542E-003 |   5.1812499999999997E-002 |   2.5682457496253642E-003 |  0.60172578124999998      |   3.5630284181843177E-003 |   7.4717187500000018E-002 |   3.8551149945356693E-003 |  0.80000001192092896      |  0.10000000149011612      |  0.10000000149011612      |         500 |         256 |         100 |          50
   1.0000000000000000      |  0.79312734375000005      |   5.1686487411672999E-003 |  0.20268984374999999      |   5.3738871145313973E-003 |   4.1828124999999999E-003 |   4.2157396667133034E-004 |  0.65317499999999995      |   3.5100567013760654E-003 |   5.2785937500000005E-002 |   2.2711737010780901E-003 |  0.59991093750000002      |   3.5199022591632409E-003 |   7.5005468749999998E-002 |   3.4369229806900407E-003 |  0.80000001192092896      |  0.10000000149011612      |  0.10000000149011612      |         500 |         256 |         100 |          50
